0.0017972284857967577
0.004262685866768068
0.007636412395411196
0.012237359776301953
0.018483088817155068
0.026909068174772826
0.03818235195150212
0.05310047095910776
0.07256188914749005
0.09749171874981906
0.12871030700385822
0.16674871938699268
0.21164569655429905
0.2627940990554937
0.3189149384669674
0.37820036210141494
0.43859300901541776
0.49810569039566666
0.5550773407052892
0.6083073384368296
0.6570702890944943
0.7010505754234045
0.74024236144832
0.7748485825094744
0.8051963374303774
0.8316738847086727
0.854687707693792
0.8746355086031838
0.8918906993804202
0.9067946475253245
0.9196538665017446
0.9307401859283634
0.9402925954034
0.948519928049643
0.9556038711827433
0.9617020022045573
0.9669506820112296
0.9714677214365424
0.9753547864476267
0.9786995370393033
0.9815775109428169
0.9840537714534908
0.9861843421032747
0.9880174515635343
0.9895946112955887
0.9909515468202947
0.9921190014987913
0.9931234296619385
0.9939875939386682
0.9947310797866035
0.9953707385538578
0.9959210689070144
0.99639454514176
0.9968018997375508
0.9971523665109917
0.9974538898484544
0.9977133047413784
0.9979364916932133
0.9981285100019371
1
