0.0017978126940723068
0.005940115761202338
0.015302033120284813
0.03558501388048199
0.07591668342918713
0.14493268589553127
0.2409840363206941
0.34954473043717516
0.45482690760989747
0.5483104669184039
0.627771487324552
0.6939782716973418
0.7486587081126324
0.7936478217658121
0.8306026978368111
0.8609368082703868
0.8858288383122981
0.9062524978502008
0.9230089835824434
0.9367564324822641
0.948035077370671
0.9572882329831791
0.9648796353486129
0.9711077100741624
0.976217293243465
0.9804092526474112
0.9838483829997129
0.9866698839089072
0.988984674706491
1
